time,x,y,z,phi,theta,psi,x_velocity,y_velocity,z_velocity,phi_velocity,theta_velocity,psi_velocity,rotor_speed1,rotor_speed2,rotor_speed3,rotor_speed4
0.06,-1.2079857196853442e-07,-1.0180405871866802e-07,10.005764608094493,6.282998278685739,0.0001180664132274245,0.0,-1.1160617753650361e-05,-1.320189287211687e-05,0.1921401222303721,-0.010222737961394994,0.005638661436930676,0.0,464.4755409654891,464.9174270031659,466.13826811884,465.33892456794774
0.12000000000000001,-5.1989813973864815e-06,-7.465696968381295e-06,10.021816397383379,6.282486091512656,0.0007936419453882237,0.0,-0.0002156803219398821,-0.00029367490644655546,0.3428855967180022,-0.005360814499319876,0.020628884471435398,0.0,452.51584257773067,453.72060964676814,452.2270057970103,452.6185147000075
0.18,-4.23613272006973e-05,-4.294517403401542e-05,10.048213466727292,6.282111768252388,0.002216268451358694,0.0,-0.0011779279937892094,-0.0009291942852965403,0.5369449177043871,-0.008055098554298274,0.029253092084870858,0.0,465.18040492775714,465.85517469944745,466.4689919734768,466.25868553928893
0.23999999999999996,-0.00016231511433035102,-0.00012090246503880484,10.082160011770632,6.281960589742766,0.0035808905736924856,0.0,-0.00297460280060015,-0.0016979766270603326,0.5945774972953042,0.006730151122782634,0.004704659597158066,0.0,424.0916855770896,421.97825223787333,423.44343640346113,424.7132901656876
0.3,-0.00041952052694747637,-0.00024753504024419145,10.12162657425532,6.282095640337481,0.004459881633226637,0.0,-0.005665538755512515,-0.0024923932301723984,0.7209026772667135,-0.008689963934336683,0.02944085836425831,0.0,444.6562992687542,446.67775654961764,446.08505269556747,444.8242430328344
0.36000000000000004,-0.0008780593603839557,-0.0004248240573356799,10.172008440491222,6.282511835611102,0.005873280142095538,0.0,-0.009817525620065817,-0.003410244937071878,0.9583231290797485,0.027360407041443997,0.007935740948617799,0.0,479.6826568473048,478.04703163432123,477.93037905951826,480.6698025806237
0.4200000000000001,-0.0015884500415463646,-0.0006370197851914032,10.232153501629725,0.0006841945651805403,0.0058385190956080635,0.0,-0.013895199608348712,-0.0035103296370304284,1.0464351664264249,0.010907937163081725,-0.02894540414833722,0.0,435.1357115323455,432.03761991195034,435.21407274614324,433.83505662672155
0.48000000000000015,-0.0025422270958804167,-0.0008300614945318226,10.299059802351447,0.0013845266153174052,0.00393832748584888,0.0,-0.017701860351708572,-0.0028516294228571873,1.1836435368204707,0.013158503247008364,-0.037766006888688156,0.0,450.1409614868767,449.4263256073879,449.4489453560332,449.6311654805187
0.5400000000000001,-0.0036656184904171455,-0.000974064470651277,10.369767052869202,0.0026951417472300676,0.001938935292638888,0.0,-0.01956293453896502,-0.0018550369783197182,1.1732760401053535,0.035173498726838594,-0.025660518613870822,0.0,401.14318951579764,402.2402387544445,400.9171679004226,402.9123241233558
0.6000000000000002,-0.004877337669597922,-0.0010145187767207258,10.445498278380951,0.004605905801952304,0.00014998921903774942,0.0,-0.020640424331225413,0.0007352822840914304,1.3509046499278492,0.024186642284358253,-0.039787772636052356,0.0,462.90989373124114,461.7967147342645,462.5666730975086,461.70107206079524
0.6600000000000003,-0.006110633026284241,-0.0008857869634424858,10.526260538836276,0.005990443659720235,6.280763851639321,0.0,-0.020257530542842645,0.003677517901735353,1.3411815130631741,0.02075579113608977,-0.04983610039761319,0.0,402.31503126854676,401.40301926166296,403.2149041431315,402.9049716779646
0.7200000000000003,-0.00726159138066784,-0.0005293385242188897,10.61091431809212,0.00711655063458938,6.278155591931213,0.0,-0.017809017092581567,0.008331220431060942,1.4804392811288998,0.014464205944393876,-0.03308302701499945,0.0,450.6320945150662,451.9830638590664,450.876209816014,450.36761283187894
0.7800000000000004,-0.008217582636837063,0.00012211142211538754,10.702923902860968,0.007787636837381484,6.275998119934474,0.0,-0.013845783759208757,0.013462908140049098,1.5864038617850256,0.003651676633981599,-0.04243492247967734,0.0,441.07582975309555,440.3022722878598,441.6823290766848,440.7896522893289
0.8400000000000004,-0.008877548447298562,0.0011043377664832772,10.802740246155679,0.007659750421638911,6.273184948307453,0.0,-0.007862136414450955,0.01928529002106716,1.7405831932219735,-0.017387009807903458,-0.05773653485676261,0.0,456.68049291845006,455.45711478152333,457.2084613475125,455.5293620617236
0.9000000000000005,-0.009136723194160794,0.0024112955151180163,10.909483831888357,0.00722188578077354,6.269484785354475,0.0,-0.0004266515474272998,0.024211183457055897,1.8174137454735104,0.007655072552077931,-0.07099611983069928,0.0,433.57848465878396,432.46022048534417,430.91697903112987,433.0286122455066
0.9600000000000005,-0.008857408354813991,0.004017971533960851,11.021911241963508,0.007934395443572662,6.265144313143001,0.0,0.010180914337251143,0.02940527314263853,1.9299759602419957,0.01920381635852284,-0.0751753814927653,0.0,443.3091884427352,442.961595301715,444.612620864849,445.5576200227822
1.0200000000000005,-0.007856793961646026,0.00595096979268805,11.140761853487998,0.00875436187118428,6.261472101295755,0.0,0.023578633255612453,0.03513067267334149,2.031526968112763,-0.0007155594817831665,-0.04228511511759696,0.0,439.56530977471164,442.279235931495,442.0274678488034,440.3828939972168
1.0800000000000005,-0.005992520936533643,0.008236634908194535,11.265301095931989,0.008944413668158901,6.259651805341882,0.0,0.03877172700972043,0.04106501099386336,2.1196164604604277,0.009980751520984387,-0.013400899037436484,0.0,435.0783130466323,437.4893330647312,437.65678430085086,438.54605546157984
1.1400000000000006,-0.0031514579958949055,0.010898331481081571,11.396599631394595,0.010010934605841904,6.259627371619732,0.0,0.0559601656644135,0.047748878575215675,2.2567383641426053,0.03001803980342743,0.017581680388907818,0.0,451.54582216714846,454.03824846691333,452.1744943416097,453.78567223653874
1.2000000000000006,0.0006810132243513925,0.013973783662385995,11.534663548923525,0.012149504603438999,6.260397051603277,0.0,0.07169087603482946,0.05496376892739678,2.3452139671324264,0.0450157794455814,0.001040807793087125,0.0,439.5540350145388,438.1810655476138,436.9953460634932,438.24425444506284
1.2600000000000007,0.005517075278286326,0.017568397019707693,11.681181515381143,0.014459499930663533,6.260342980347657,0.0,0.08950089154331625,0.06514731844149226,2.538305070177559,0.020438189148566484,-0.005099748380861628,0.0,471.4301036729604,470.955430957924,471.14774054161285,469.2443429567482
1.3200000000000007,0.01144243258266241,0.021835106474564367,11.840174050882965,0.015888118163929654,6.261321067083692,0.0,0.10793731973555365,0.07722908327096506,2.7609336434450884,0.029820300692460822,0.041222515170070244,0.0,477.9035871254201,481.42132415148154,480.372600971664,481.08352027868
1.3800000000000008,0.018314475403929744,0.026768753309486446,12.006658780921411,0.017778129707201273,6.263497323098413,0.0,0.12091439473734841,0.08739280902067806,2.7884913103901496,0.034663858737059856,0.023857538433391005,0.0,422.05655347146245,420.5557947186019,420.33117943118856,420.75113608377933
1.4400000000000008,0.026026415035108098,0.032441569037714245,12.179895714702848,0.020457399997001247,6.265573883849239,0.0,0.13592936267855416,0.10197483228373043,2.9855773710684534,0.05949348453414237,0.05028809099729266,0.0,472.64736468268995,474.68034922297363,473.1924977723042,475.10097124740076
1.5000000000000009,0.03448931006298286,0.038940485441823436,12.359390712226258,0.02380031810137062,6.268358272551062,0.0,0.14590650230430893,0.1149637861884385,2.997554629173703,0.04682490705307393,0.03722373346035076,0.0,417.66126925541613,416.5216716644481,417.476858974388,416.3722705346763
1.560000000000001,0.04348633321209547,0.04625084893992748,12.538484464093695,0.02780644107902397,6.271150220032929,0.0,0.15378091819863166,0.12901441698861965,2.9722978713319166,0.09064280518678829,0.0605937121350241,0.0,403.5343876983454,405.6399840963586,402.31605394613996,406.2674479707687
1.620000000000001,0.05291541177437306,0.05450590150881842,12.717002068451455,0.03343905286153248,6.274475000628712,0.0,0.16021151776611603,0.1466417949529443,2.978261194285268,0.09966252758662167,0.04225340428209643,0.0,415.5918604447031,413.98341618775873,414.69760272858855,415.49725336182286
1.680000000000001,0.06271125752620198,0.06407549377817016,12.900350490887503,0.03955714131509236,6.2765831258978295,0.0,0.16604983883784072,0.17299645289279456,3.132918138370894,0.10621772703484797,0.014470903723051638,0.0,463.55104443868703,461.3631037286312,461.91019005923795,462.4354048635947
1.740000000000001,0.07283046834929809,0.07545097858594908,13.09510183029409,0.04565556303409579,6.277786933198188,0.0,0.1711255179082204,0.20691407725506963,3.3581248671948116,0.09041231770788564,0.029392394133999012,0.0,483.56599469959184,484.68866793920586,484.5086961302208,483.32685893821036
1.8000000000000012,0.08320870873229236,0.08889325160553173,13.300930509803083,0.051381445990192454,6.279582125069128,0.0,0.17461974104241418,0.2417478103322715,3.5023677367104207,0.10393816816636614,0.030954297902592774,0.0,461.76123977463976,461.88468447323584,460.54874617811595,461.6246597244977
1.8600000000000012,0.0937498398752396,0.1044453627327211,13.513334131070023,0.05727753141535974,6.281420023184804,0.0,0.17656809009434254,0.27724287582710283,3.5774833162637476,0.08343551925663437,0.02997849229435195,0.0,442.2360341769401,442.15596382943147,440.6943439822908,439.0045150100781
1.9200000000000013,0.10436633897857883,0.12205023683077369,13.7269764825909,0.06256733409909465,0.0003500225781802868,0.0,0.17715217631892144,0.3100160845661613,3.544001794766043,0.09624566466745707,0.044135966723222404,0.0,405.059481342291,406.33139878966153,405.2243462737609,406.3815222577231
1.9800000000000013,0.11497649379297481,0.1419896959781493,13.942968817574174,0.06836865953540627,0.002967934065958744,0.0,0.17624581548285223,0.3552089752246779,3.6553452041889707,0.09755987700499182,0.04260439418742768,0.0,453.1338340171492,453.01171741428027,452.46705541596435,452.5806524849841
2.0400000000000014,0.1254732228328605,0.16476398415371332,14.16565208563286,0.07417047576661773,0.007654372766642936,0.0,0.17322905077551698,0.4045114519984976,3.7670142450212962,0.09491407652473559,0.11058251599744255,0.0,451.6322230451121,457.0858304571563,453.20808733239596,453.0031599160681
2.1000000000000014,0.1356640258319229,0.1907361935170981,14.396601186874038,0.07981647546121273,0.01387540501949669,0.0,0.16574321434345463,0.46181645419715595,3.930673679317939,0.09242128150494934,0.08402214427923248,0.0,471.49889247277673,469.450728409728,470.3409346693137,470.1547959365419
2.1600000000000015,0.1453075372454796,0.22007593943043108,14.634917163078873,0.08578871648054509,0.018794838355302268,0.0,0.15521392073984136,0.5167234708306411,4.012837605822007,0.11091091532325928,0.07758477882922953,0.0,447.24262442692464,446.72336969023473,445.7176639787097,447.234618248503
2.2200000000000015,0.1541366776923334,0.2532071452277609,14.88243487234567,0.09237039876176478,0.02334574478711282,0.0,0.13855031027392517,0.5883714409114644,4.236845924070248,0.1071463896885868,0.0721298920909104,0.0,489.98975123292433,489.5879748779566,490.2754586471443,490.0050544535561
2.2800000000000016,0.1618809192635394,0.2906975388319101,15.142325223566248,0.09852062387768523,0.027977271104393076,0.0,0.11908913377538359,0.661961560690767,4.425346571739577,0.09107462777541327,0.08576248718798801,0.0,480.75993158517167,481.79599812464727,482.31082488634877,481.10350182454624
2.3400000000000016,0.16851297453929548,0.3321673059932133,15.407754733219678,0.10393460335795979,0.033094082278057435,0.0,0.10153183371844911,0.7208300226902487,4.422230383158771,0.08849551400000338,0.08429837463886322,0.0,423.49365505732914,423.37405779459783,424.02651679087876,423.81211357281
2.4000000000000017,0.17392441980335768,0.37750032516430304,15.675236439830147,0.10964670902517071,0.03808477204365257,0.0,0.07836625919328744,0.7907731838283862,4.4934426267591485,0.10604033902528161,0.0808395352511201,0.0,448.36331051161983,448.0877546186434,446.7546145710582,448.19051956691214
2.4600000000000017,0.1778846395663652,0.42703930330050793,15.946023438502435,0.11570014019653563,0.04279341046387941,0.0,0.0532011522870136,0.8610779823401504,4.532516711492147,0.08784019331433114,0.07327963591841602,0.0,438.4139387839539,437.79027782216474,439.5922967660069,438.0901714452538
2.520000000000002,0.18021094314191763,0.481000874644819,16.21995427069511,0.12070911183637101,0.0476415146225424,0.0,0.023902151433593893,0.9380965015790453,4.5981275608818715,0.07291934455188262,0.0926962421320504,0.0,446.5072409213476,448.0937402416171,448.2991990734912,447.09057560699625
2.580000000000002,0.1808160472095112,0.5393377548275731,16.495030046370687,0.12496525569805339,0.05302241324557322,0.0,-0.004194355371119906,1.0068230156200217,4.571067052669714,0.06664244203975647,0.08284902606864641,0.0,419.34351044558514,418.4943494245031,417.58110119139184,417.0373189668292
2.640000000000002,0.1796406122721955,0.6018792368503492,16.768566277029137,0.1294423115926735,0.05804166214377471,0.0,-0.03540981637788743,1.078244314197972,4.546791409093855,0.087079574578298,0.085216644092465,0.0,419.0736610216496,419.28560848251044,418.037811294813,419.81969746410306
2.700000000000002,0.17618416997332695,0.6694925128835453,17.046042618343687,0.13492077566492,0.06303082865623644,0.0,-0.08032365189974883,1.1760162352991355,4.701617039435822,0.0986440790429411,0.07867076952648445,0.0,475.85633686612397,475.36006170810504,475.37765887781137,476.2694195120185
2.760000000000002,0.16981351056033892,0.7433251320891668,17.334472190602472,0.14111658499702173,0.06751429355954386,0.0,-0.13251864508061376,1.2856404460367483,4.911603255764246,0.11118488715278015,0.0653602711674285,0.0,494.23767144557866,493.2592907667484,492.6669846276555,493.6014920749709
2.820000000000002,0.16064686577920093,0.8229690762031315,17.629092664657662,0.14759289137975617,0.071434922477704,0.0,-0.1733738002071268,1.369704337146051,4.90890892552891,0.10050041019589687,0.06531089944813288,0.0,430.35365062086606,430.3527749123193,431.0010270066086,430.10753120802667
2.880000000000002,0.14910677318849563,0.9074624366607935,17.921505955483806,0.15406130807520046,0.07612888785446348,0.0,-0.21165156465511908,1.4472391446630453,4.838332548700693,0.11942470378281636,0.09614274515470576,0.0,406.68199752354207,409.4399037583145,406.7831861440125,408.4857453188171
2.940000000000002,0.13490840355062433,0.9972751758373729,18.213286950580212,0.16147012511358572,0.08175191936803738,0.0,-0.26214672624325536,1.5471373041296703,4.887241398800354,0.13055215851617305,0.08836593130437664,0.0,448.34696749958266,447.7219287934315,446.17047249724476,447.0918111579856
3.000000000000002,0.11748279655755506,1.0933982788555283,18.50904916455713,0.1693284589103916,0.08684579002117054,0.0,-0.31919019478050814,1.657643674004265,4.970845031878832,0.1317985366050326,0.07686432184898838,0.0,459.9886842985381,459.08244990056846,458.8629145752185,458.9770037964046
3.0600000000000023,0.09651769431466566,1.1963354601786789,18.80996670070897,0.1770356311516501,0.09147117214085121,0.0,-0.38006766891811533,1.7742619771086021,5.059038360852837,0.12075244351961627,0.07753643339303744,0.0,462.8939120288853,462.95125675341603,461.54975294997433,460.6913817080017
3.1200000000000023,0.07194393886797887,1.3061516837897729,19.11466189646443,0.18434691680873616,0.0959048122369186,0.0,-0.4394562886964656,1.886868092117876,5.096997593029354,0.12397094394870273,0.06538274845004519,0.0,448.37368991747053,447.38922351912174,447.4010517571655,447.6763646359214
3.1800000000000024,0.043857531543586896,1.4226021429298477,19.420250887114896,0.19160097599995574,0.10041475176237746,0.0,-0.4971185605939618,1.9953931900168713,5.089039892395892,0.11392698020121825,0.0897672790651886,0.0,432.910222035383,434.9619330597445,434.120418391818,433.2902111189584
3.2400000000000024,0.012501131331469769,1.5451661103068448,19.722692457085056,0.19837878152788413,0.10563839913250028,0.0,-0.548519506943413,2.0905887569780663,4.99251043635674,0.11096502084013922,0.08101320019101928,0.0,404.37555528429516,403.5931221960051,404.31963056101347,404.06536984530004
3.3000000000000025,-0.022616648139187085,1.6746463003409455,20.024818150253726,0.20490156209613009,0.11053437916913555,0.0,-0.6225068186459007,2.2259145233412556,5.077595660147643,0.10378335723111269,0.08274682701310357,0.0,463.5966493703003,463.7379526380391,464.4468582259065,463.89301156123435
3.3600000000000025,-0.06198041837473563,1.811828289067882,20.329434838095484,0.21143993509481174,0.11565090389134713,0.0,-0.6900466757604296,2.3472883620390324,5.075958511781063,0.11772424184869573,0.08990268407585156,0.0,437.2137703827271,437.81574234818504,437.53172012673,438.7015777112104
3.4200000000000026,-0.10567965988223325,1.956742168133109,20.63550249838701,0.21876695995498974,0.12088969913132797,0.0,-0.7670562039545823,2.4837049354052185,5.125652088516525,0.12969974688005395,0.08155788818837348,0.0,455.6577804817658,454.9961616017937,454.5601823728171,455.5320141138071
3.4800000000000026,-0.15417859781268442,2.1101120651897216,20.945132816293125,0.22605886272557374,0.1257477123599049,0.0,-0.8499913134456057,2.6291835891531465,5.194575122730092,0.09543171667532856,0.07975865858563555,0.0,462.7070327665809,462.57035004858426,463.9947748991893,461.30829089778047
3.5400000000000027,-0.20752187959684387,2.2719273643121287,21.257096734376447,0.2317367588206274,0.13005495103647569,0.0,-0.9285048152528045,2.7650327213047845,5.203785136929595,0.09298261139029006,0.046808301452595645,0.0,446.7407043052143,444.0489941411629,445.0696544201361,444.8767126455461
3.6000000000000028,-0.26594992026590103,2.4425106078344863,21.57181396540959,0.23678007495017717,0.13267251692277426,0.0,-1.0192884800128508,2.9213888444875766,5.285973453969409,0.05268360131529577,0.03635270557851899,0.0,470.77496593277033,469.9660541946624,469.7979978825985,466.6671832792097
3.660000000000003,-0.32986049952104524,2.6225218470483425,21.891310963670293,0.23972444914029456,0.1344497208475124,0.0,-1.1111875166286966,3.0790499287061333,5.363197591290565,0.040646840391304395,0.010653691151857122,0.0,470.3248423699165,468.3300567005306,469.89657256389825,468.96370587104093
3.720000000000003,-0.3985472709320236,2.8106797485276873,22.209903781373463,0.2424495652144696,0.13514321488144354,0.0,-1.1784735435005416,3.1930580115065843,5.256844423562098,0.05356811315451605,0.01330855935193743,0.0,409.5925872994566,409.8285729392877,409.8992463307041,411.0475574021855
3.780000000000003,-0.4724199706174312,3.0077110193653365,22.530208841009184,0.24601100478605353,0.13584015419772832,0.0,-1.2838895657260325,3.3746629544697995,5.418785859704313,0.06895775168452847,0.007994525353992447,0.0,496.76296634257125,496.37294163768695,494.73483511019236,495.8688819111781
3.840000000000003,-0.5520582855955708,3.214674702725341,22.85612328384848,0.2504336621168397,0.13630065228988464,0.0,-1.3707185218764713,3.5243207543276736,5.444520942638353,0.08183147610007145,0.007028052183051863,0.0,456.3022509080437,456.2249574455297,456.5713522554862,457.6015340290594
3.900000000000003,-0.6368404803860586,3.4305434914384727,23.18301775569858,0.254864717659423,0.1368018131896811,0.0,-1.4553640144757005,3.6715447938603365,5.4515301029959,0.04882067827386471,0.01087844866085582,0.0,450.6648408093856,450.975906320528,454.03448622059415,451.38154788191594
3.960000000000003,-0.726451406315247,3.654814954839367,23.508466615857625,0.2579785141135096,0.13780929488769544,0.0,-1.5317550681251408,3.8043032055858714,5.396730343957722,0.057428846642555466,0.026565865988384823,0.0,432.82451604256175,434.14301967805534,430.4870158978955,431.2167933602561
4.020000000000002,-0.8203490112209953,3.8864920895334034,23.828391974797178,0.2616637438907343,0.13982580607814565,0.0,-1.598369611089274,3.9185025988062017,5.267798031174894,0.06839781032512643,0.044892482417706506,0.0,406.0823831083287,407.72399410788404,405.33299433207907,406.32088233809753
4.080000000000001,-0.918435582548546,4.125338449631886,24.141644036015546,0.26529138168951416,0.1426652744525576,0.0,-1.67143789156874,4.043259565804348,5.174049901868983,0.03566904594542697,0.0517904219316275,0.0,418.0214803051536,418.6237812656083,419.3485962144855,416.49780078833993
4.14,-1.0218866060444822,4.373387455334604,24.455489499246568,0.26716252815476604,0.1463418412472386,0.0,-1.7771772224547728,4.224847988531808,5.286457161508999,0.020236235766963206,0.07554021539692958,0.0,484.1288539753054,485.9151065799318,485.4508152576885,484.2914174336368
4.199999999999998,-1.1312126332660928,4.63134101650903,24.772431175379843,0.2685750369653004,0.15131734692607246,0.0,-1.8674233219291156,4.373479083759887,5.277933589290499,0.029445519403264266,0.09464511690306417,0.0,448.4704722240856,450.0253138106076,448.2799945127765,449.02792979912647
4.259999999999997,-1.2463310950831845,4.89869253671145,25.090612995258777,0.2710894706111713,0.15723593158475602,0.0,-1.970340945008583,4.53810184729892,5.327386210331346,0.059365530291446665,0.10562808238523,0.0,467.20951411822284,468.0729903167915,467.9025497900474,470.22734723581294
4.319999999999996,-1.368108300711109,5.176547334453525,25.413914363382325,0.274643581679304,0.16340348745131106,0.0,-2.0894126876927057,4.723617729161652,5.448053615777833,0.05897332288367678,0.09642005771774684,0.0,491.4914313882695,490.8164086455146,492.6176774135668,492.59075151590713
4.379999999999995,-1.4966575389649597,5.464738461287669,25.741466300581603,0.27821736003412845,0.1691748743185819,0.0,-2.1960269544644477,4.882744062854776,5.4696581439176475,0.06071644755457463,0.09572556092171856,0.0,463.6803016779535,463.6331950581639,463.9294114982863,464.0686192859488
4.439999999999993,-1.6312014747712018,5.761680232560248,26.06739904022644,0.2819631672554106,0.17560444857600999,0.0,-2.2892772835362947,5.01541897083174,5.394656753504474,0.0656528723658106,0.12355701979904193,0.0,432.6979072530172,435.0451942355983,432.73583061693364,433.15419872843574
4.499999999999992,-1.7712310824342623,6.066260128405753,26.387621154410333,0.28640429076800444,0.18364156360367634,0.0,-2.3789986382530435,5.137414861299989,5.279488664150062,0.08695942673674663,0.149230403774169,0.0,418.898467707731,421.1428741592288,418.5188642382536,420.3742466075093
4.559999999999991,-1.9169434365581628,6.378451313011417,26.70179485471823,0.2911647368732053,0.1923373414654943,0.0,-2.4787771650491206,5.269137572423733,5.192780239578815,0.056263640234011134,0.13454183989532814,0.0,430.5776626754643,429.3531433560435,430.6637087399753,428.06375066334425
4.6199999999999894,-2.0691041813423046,6.699048039044549,27.012316796730822,0.29541175568077715,0.20012343330598625,0.0,-2.5938839509290204,5.41743233729741,5.157475377723852,0.09020948937091663,0.11793413467641543,0.0,448.8356848830992,447.50056638478674,445.55965200938107,448.3305018688587
4.679999999999988,-2.2277113142787712,7.027723069300735,27.317891795734113,0.30121228806674427,0.20692612879140704,0.0,-2.69358584003554,5.538650443138768,5.02841095060961,0.10719480264381467,0.10221770520246475,0.0,417.341494736728,415.979304413619,414.93247483453916,416.4299147732627
4.739999999999987,-2.3932538483078374,7.364914678048131,27.619542184403276,0.3073528498650324,0.21353771483526085,0.0,-2.824980468105594,5.701225334876552,5.025786191462745,0.09025683459647996,0.12265221288220028,0.0,459.1855590271367,460.8142135872105,459.8195087980908,458.4839858435007
4.799999999999986,-2.566555127441094,7.7115647695989455,27.9198693530485,0.31274479788697107,0.22110354196855297,0.0,-2.952306889014543,5.853866593342852,4.98454044414136,0.08907260312888111,0.1322178616653069,0.0,447.31187402435035,448.10466283637186,449.4104702841361,449.3210977733553
4.859999999999984,-2.7480592348456057,8.067993848891598,28.21946549572477,0.31835526333078334,0.22944061119181658,0.0,-3.0984425793510546,6.02709594338369,5.000973633667488,0.10115552260140595,0.14982190762158337,0.0,468.7452320872127,470.12817355002846,467.9312284430967,468.8779733073084
4.919999999999983,-2.9377814271322578,8.433910254055125,28.517092745702843,0.3241548615002232,0.23914803015224528,0.0,-3.2263458795948416,6.170240942256816,4.919481936459807,0.0856813062972785,0.1787350746991457,0.0,437.8187170319661,440.24291619325766,438.4998341238892,437.2201421919415
4.979999999999982,-3.1349552323794923,8.807945026223457,28.808290625748654,0.3292917551202832,0.2496651605865905,0.0,-3.3469152934514224,6.297686093652763,4.786987162718076,0.08548182621919358,0.16730975142328636,0.0,421.0649956807479,420.10650561502564,422.22613389181817,422.21537021284985
5.0399999999999805,-3.3391859274551288,9.189221468160342,29.09027424530295,0.33440451092085777,0.25958780481707944,0.0,-3.461539172178658,6.4116755205941445,4.61261180059044,0.08466899543253396,0.1612080948668438,0.0,405.80011037624166,405.280812914515,406.87431572452437,406.8082128065842
